43
11
19127003
Nguyen Huu Dat
19CLC3
0
0
0
0
2020 04 06 13 30 17 30 0
2020 04 13 13 30 17 30 0
2020 04 20 13 30 17 30 0
2020 04 27 13 30 17 30 0
2020 05 04 13 30 17 30 0
2020 05 11 13 30 17 30 0
2020 05 18 13 30 17 30 0
2020 05 25 13 30 17 30 0
2020 06 01 13 30 17 30 0
2020 06 08 13 30 17 30 0
2020 06 15 13 30 17 30 0
1
19127041
Le Thi Phuong Linh
19CLC3
0
0
0
0
2020 04 06 13 30 17 30 0
2020 04 13 13 30 17 30 0
2020 04 20 13 30 17 30 0
2020 04 27 13 30 17 30 0
2020 05 04 13 30 17 30 0
2020 05 11 13 30 17 30 0
2020 05 18 13 30 17 30 0
2020 05 25 13 30 17 30 0
2020 06 01 13 30 17 30 0
2020 06 08 13 30 17 30 0
2020 06 15 13 30 17 30 0
1
19127084
Pham Anh Tuan
19CLC3
0
0
0
0
2020 04 06 13 30 17 30 0
2020 04 13 13 30 17 30 0
2020 04 20 13 30 17 30 0
2020 04 27 13 30 17 30 0
2020 05 04 13 30 17 30 0
2020 05 11 13 30 17 30 0
2020 05 18 13 30 17 30 0
2020 05 25 13 30 17 30 0
2020 06 01 13 30 17 30 0
2020 06 08 13 30 17 30 0
2020 06 15 13 30 17 30 0
1
19127173
Hoang Le Khanh
19CLC3
0
0
0
0
2020 04 06 13 30 17 30 0
2020 04 13 13 30 17 30 0
2020 04 20 13 30 17 30 0
2020 04 27 13 30 17 30 0
2020 05 04 13 30 17 30 0
2020 05 11 13 30 17 30 0
2020 05 18 13 30 17 30 0
2020 05 25 13 30 17 30 0
2020 06 01 13 30 17 30 0
2020 06 08 13 30 17 30 0
2020 06 15 13 30 17 30 0
1
19127216
Dang Hoan My
19CLC3
0
0
0
0
2020 04 06 13 30 17 30 0
2020 04 13 13 30 17 30 0
2020 04 20 13 30 17 30 0
2020 04 27 13 30 17 30 0
2020 05 04 13 30 17 30 0
2020 05 11 13 30 17 30 0
2020 05 18 13 30 17 30 0
2020 05 25 13 30 17 30 0
2020 06 01 13 30 17 30 0
2020 06 08 13 30 17 30 0
2020 06 15 13 30 17 30 0
1
19127231
Cao Quang Nhat
19CLC3
0
0
0
0
2020 04 06 13 30 17 30 0
2020 04 13 13 30 17 30 0
2020 04 20 13 30 17 30 0
2020 04 27 13 30 17 30 0
2020 05 04 13 30 17 30 0
2020 05 11 13 30 17 30 0
2020 05 18 13 30 17 30 0
2020 05 25 13 30 17 30 0
2020 06 01 13 30 17 30 0
2020 06 08 13 30 17 30 0
2020 06 15 13 30 17 30 0
1
19127237
Truong Minh Nhut
19CLC3
0
0
0
0
2020 04 06 13 30 17 30 0
2020 04 13 13 30 17 30 0
2020 04 20 13 30 17 30 0
2020 04 27 13 30 17 30 0
2020 05 04 13 30 17 30 0
2020 05 11 13 30 17 30 0
2020 05 18 13 30 17 30 0
2020 05 25 13 30 17 30 0
2020 06 01 13 30 17 30 0
2020 06 08 13 30 17 30 0
2020 06 15 13 30 17 30 0
1
19127246
Tran Van Quy Phuoc
19CLC3
0
0
0
0
2020 04 06 13 30 17 30 0
2020 04 13 13 30 17 30 0
2020 04 20 13 30 17 30 0
2020 04 27 13 30 17 30 0
2020 05 04 13 30 17 30 0
2020 05 11 13 30 17 30 0
2020 05 18 13 30 17 30 0
2020 05 25 13 30 17 30 0
2020 06 01 13 30 17 30 0
2020 06 08 13 30 17 30 0
2020 06 15 13 30 17 30 0
1
19127250
Pham Hong Quan
19CLC3
0
0
0
0
2020 04 06 13 30 17 30 0
2020 04 13 13 30 17 30 0
2020 04 20 13 30 17 30 0
2020 04 27 13 30 17 30 0
2020 05 04 13 30 17 30 0
2020 05 11 13 30 17 30 0
2020 05 18 13 30 17 30 0
2020 05 25 13 30 17 30 0
2020 06 01 13 30 17 30 0
2020 06 08 13 30 17 30 0
2020 06 15 13 30 17 30 0
1
19127287
Nguyen Hoai Thuong
19CLC3
0
0
0
0
2020 04 06 13 30 17 30 0
2020 04 13 13 30 17 30 0
2020 04 20 13 30 17 30 0
2020 04 27 13 30 17 30 0
2020 05 04 13 30 17 30 0
2020 05 11 13 30 17 30 0
2020 05 18 13 30 17 30 0
2020 05 25 13 30 17 30 0
2020 06 01 13 30 17 30 0
2020 06 08 13 30 17 30 0
2020 06 15 13 30 17 30 0
1
19127292
Nguyen Thanh Tinh
19CLC3
0
0
0
0
2020 04 06 13 30 17 30 0
2020 04 13 13 30 17 30 0
2020 04 20 13 30 17 30 0
2020 04 27 13 30 17 30 0
2020 05 04 13 30 17 30 0
2020 05 11 13 30 17 30 0
2020 05 18 13 30 17 30 0
2020 05 25 13 30 17 30 0
2020 06 01 13 30 17 30 0
2020 06 08 13 30 17 30 0
2020 06 15 13 30 17 30 0
1
19127295
Tran The Toan
19CLC3
0
0
0
0
2020 04 06 13 30 17 30 0
2020 04 13 13 30 17 30 0
2020 04 20 13 30 17 30 0
2020 04 27 13 30 17 30 0
2020 05 04 13 30 17 30 0
2020 05 11 13 30 17 30 0
2020 05 18 13 30 17 30 0
2020 05 25 13 30 17 30 0
2020 06 01 13 30 17 30 0
2020 06 08 13 30 17 30 0
2020 06 15 13 30 17 30 0
1
19127321
Tran Xuan Son
19CLC3
0
0
0
0
2020 04 06 13 30 17 30 0
2020 04 13 13 30 17 30 0
2020 04 20 13 30 17 30 0
2020 04 27 13 30 17 30 0
2020 05 04 13 30 17 30 0
2020 05 11 13 30 17 30 0
2020 05 18 13 30 17 30 0
2020 05 25 13 30 17 30 0
2020 06 01 13 30 17 30 0
2020 06 08 13 30 17 30 0
2020 06 15 13 30 17 30 0
1
19127337
Le Thai Phuc Bao
19CLC3
0
0
0
0
2020 04 06 13 30 17 30 0
2020 04 13 13 30 17 30 0
2020 04 20 13 30 17 30 0
2020 04 27 13 30 17 30 0
2020 05 04 13 30 17 30 0
2020 05 11 13 30 17 30 0
2020 05 18 13 30 17 30 0
2020 05 25 13 30 17 30 0
2020 06 01 13 30 17 30 0
2020 06 08 13 30 17 30 0
2020 06 15 13 30 17 30 0
1
19127339
Pham Chi Bao
19CLC3
0
0
0
0
2020 04 06 13 30 17 30 0
2020 04 13 13 30 17 30 0
2020 04 20 13 30 17 30 0
2020 04 27 13 30 17 30 0
2020 05 04 13 30 17 30 0
2020 05 11 13 30 17 30 0
2020 05 18 13 30 17 30 0
2020 05 25 13 30 17 30 0
2020 06 01 13 30 17 30 0
2020 06 08 13 30 17 30 0
2020 06 15 13 30 17 30 0
1
19127376
Nguyen Bao Duy
19CLC3
0
0
0
0
2020 04 06 13 30 17 30 0
2020 04 13 13 30 17 30 0
2020 04 20 13 30 17 30 0
2020 04 27 13 30 17 30 0
2020 05 04 13 30 17 30 0
2020 05 11 13 30 17 30 0
2020 05 18 13 30 17 30 0
2020 05 25 13 30 17 30 0
2020 06 01 13 30 17 30 0
2020 06 08 13 30 17 30 0
2020 06 15 13 30 17 30 0
1
19127387
Vu Tuan Hai
19CLC3
0
0
0
0
2020 04 06 13 30 17 30 0
2020 04 13 13 30 17 30 0
2020 04 20 13 30 17 30 0
2020 04 27 13 30 17 30 0
2020 05 04 13 30 17 30 0
2020 05 11 13 30 17 30 0
2020 05 18 13 30 17 30 0
2020 05 25 13 30 17 30 0
2020 06 01 13 30 17 30 0
2020 06 08 13 30 17 30 0
2020 06 15 13 30 17 30 0
1
19127395
Phan Duc Hien
19CLC3
0
0
0
0
2020 04 06 13 30 17 30 0
2020 04 13 13 30 17 30 0
2020 04 20 13 30 17 30 0
2020 04 27 13 30 17 30 0
2020 05 04 13 30 17 30 0
2020 05 11 13 30 17 30 0
2020 05 18 13 30 17 30 0
2020 05 25 13 30 17 30 0
2020 06 01 13 30 17 30 0
2020 06 08 13 30 17 30 0
2020 06 15 13 30 17 30 0
1
19127402
Nguyen Manh Hieu
19CLC3
0
0
0
0
2020 04 06 13 30 17 30 0
2020 04 13 13 30 17 30 0
2020 04 20 13 30 17 30 0
2020 04 27 13 30 17 30 0
2020 05 04 13 30 17 30 0
2020 05 11 13 30 17 30 0
2020 05 18 13 30 17 30 0
2020 05 25 13 30 17 30 0
2020 06 01 13 30 17 30 0
2020 06 08 13 30 17 30 0
2020 06 15 13 30 17 30 0
1
19127413
Tran Khac Hung
19CLC3
0
0
0
0
2020 04 06 13 30 17 30 0
2020 04 13 13 30 17 30 0
2020 04 20 13 30 17 30 0
2020 04 27 13 30 17 30 0
2020 05 04 13 30 17 30 0
2020 05 11 13 30 17 30 0
2020 05 18 13 30 17 30 0
2020 05 25 13 30 17 30 0
2020 06 01 13 30 17 30 0
2020 06 08 13 30 17 30 0
2020 06 15 13 30 17 30 0
1
19127447
Nguyen Phan Anh Khoa
19CLC3
0
0
0
0
2020 04 06 13 30 17 30 0
2020 04 13 13 30 17 30 0
2020 04 20 13 30 17 30 0
2020 04 27 13 30 17 30 0
2020 05 04 13 30 17 30 0
2020 05 11 13 30 17 30 0
2020 05 18 13 30 17 30 0
2020 05 25 13 30 17 30 0
2020 06 01 13 30 17 30 0
2020 06 08 13 30 17 30 0
2020 06 15 13 30 17 30 0
1
19127456
Nguyen Thanh Kien
19CLC3
0
0
0
0
2020 04 06 13 30 17 30 0
2020 04 13 13 30 17 30 0
2020 04 20 13 30 17 30 0
2020 04 27 13 30 17 30 0
2020 05 04 13 30 17 30 0
2020 05 11 13 30 17 30 0
2020 05 18 13 30 17 30 0
2020 05 25 13 30 17 30 0
2020 06 01 13 30 17 30 0
2020 06 08 13 30 17 30 0
2020 06 15 13 30 17 30 0
1
19127468
Phan Duc Manh
19CLC3
0
0
0
0
2020 04 06 13 30 17 30 0
2020 04 13 13 30 17 30 0
2020 04 20 13 30 17 30 0
2020 04 27 13 30 17 30 0
2020 05 04 13 30 17 30 0
2020 05 11 13 30 17 30 0
2020 05 18 13 30 17 30 0
2020 05 25 13 30 17 30 0
2020 06 01 13 30 17 30 0
2020 06 08 13 30 17 30 0
2020 06 15 13 30 17 30 0
1
19127471
Luong Kiem Minh
19CLC3
0
0
0
0
2020 04 06 13 30 17 30 0
2020 04 13 13 30 17 30 0
2020 04 20 13 30 17 30 0
2020 04 27 13 30 17 30 0
2020 05 04 13 30 17 30 0
2020 05 11 13 30 17 30 0
2020 05 18 13 30 17 30 0
2020 05 25 13 30 17 30 0
2020 06 01 13 30 17 30 0
2020 06 08 13 30 17 30 0
2020 06 15 13 30 17 30 0
1
19127472
Nguyen Ba Minh
19CLC3
0
0
0
0
2020 04 06 13 30 17 30 0
2020 04 13 13 30 17 30 0
2020 04 20 13 30 17 30 0
2020 04 27 13 30 17 30 0
2020 05 04 13 30 17 30 0
2020 05 11 13 30 17 30 0
2020 05 18 13 30 17 30 0
2020 05 25 13 30 17 30 0
2020 06 01 13 30 17 30 0
2020 06 08 13 30 17 30 0
2020 06 15 13 30 17 30 0
1
19127481
Tran Hoang Nam
19CLC3
0
0
0
0
2020 04 06 13 30 17 30 0
2020 04 13 13 30 17 30 0
2020 04 20 13 30 17 30 0
2020 04 27 13 30 17 30 0
2020 05 04 13 30 17 30 0
2020 05 11 13 30 17 30 0
2020 05 18 13 30 17 30 0
2020 05 25 13 30 17 30 0
2020 06 01 13 30 17 30 0
2020 06 08 13 30 17 30 0
2020 06 15 13 30 17 30 0
1
19127487
Nguyen Phan Khanh Nguyen
19CLC3
0
0
0
0
2020 04 06 13 30 17 30 0
2020 04 13 13 30 17 30 0
2020 04 20 13 30 17 30 0
2020 04 27 13 30 17 30 0
2020 05 04 13 30 17 30 0
2020 05 11 13 30 17 30 0
2020 05 18 13 30 17 30 0
2020 05 25 13 30 17 30 0
2020 06 01 13 30 17 30 0
2020 06 08 13 30 17 30 0
2020 06 15 13 30 17 30 0
1
19127496
Truong Quang Minh Nhat
19CLC3
0
0
0
0
2020 04 06 13 30 17 30 0
2020 04 13 13 30 17 30 0
2020 04 20 13 30 17 30 0
2020 04 27 13 30 17 30 0
2020 05 04 13 30 17 30 0
2020 05 11 13 30 17 30 0
2020 05 18 13 30 17 30 0
2020 05 25 13 30 17 30 0
2020 06 01 13 30 17 30 0
2020 06 08 13 30 17 30 0
2020 06 15 13 30 17 30 0
1
19127498
Le Yen Nhi
19CLC3
0
0
0
0
2020 04 06 13 30 17 30 0
2020 04 13 13 30 17 30 0
2020 04 20 13 30 17 30 0
2020 04 27 13 30 17 30 0
2020 05 04 13 30 17 30 0
2020 05 11 13 30 17 30 0
2020 05 18 13 30 17 30 0
2020 05 25 13 30 17 30 0
2020 06 01 13 30 17 30 0
2020 06 08 13 30 17 30 0
2020 06 15 13 30 17 30 0
1
19127510
Huynh Trong Phuc
19CLC3
0
0
0
0
2020 04 06 13 30 17 30 0
2020 04 13 13 30 17 30 0
2020 04 20 13 30 17 30 0
2020 04 27 13 30 17 30 0
2020 05 04 13 30 17 30 0
2020 05 11 13 30 17 30 0
2020 05 18 13 30 17 30 0
2020 05 25 13 30 17 30 0
2020 06 01 13 30 17 30 0
2020 06 08 13 30 17 30 0
2020 06 15 13 30 17 30 0
1
19127514
Thai Tran Hong Phuc
19CLC3
0
0
0
0
2020 04 06 13 30 17 30 0
2020 04 13 13 30 17 30 0
2020 04 20 13 30 17 30 0
2020 04 27 13 30 17 30 0
2020 05 04 13 30 17 30 0
2020 05 11 13 30 17 30 0
2020 05 18 13 30 17 30 0
2020 05 25 13 30 17 30 0
2020 06 01 13 30 17 30 0
2020 06 08 13 30 17 30 0
2020 06 15 13 30 17 30 0
1
19127522
Luu Dang Quan
19CLC3
0
0
0
0
2020 04 06 13 30 17 30 0
2020 04 13 13 30 17 30 0
2020 04 20 13 30 17 30 0
2020 04 27 13 30 17 30 0
2020 05 04 13 30 17 30 0
2020 05 11 13 30 17 30 0
2020 05 18 13 30 17 30 0
2020 05 25 13 30 17 30 0
2020 06 01 13 30 17 30 0
2020 06 08 13 30 17 30 0
2020 06 15 13 30 17 30 0
1
19127544
Nguyen Hoan Hoai Tam
19CLC3
0
0
0
0
2020 04 06 13 30 17 30 0
2020 04 13 13 30 17 30 0
2020 04 20 13 30 17 30 0
2020 04 27 13 30 17 30 0
2020 05 04 13 30 17 30 0
2020 05 11 13 30 17 30 0
2020 05 18 13 30 17 30 0
2020 05 25 13 30 17 30 0
2020 06 01 13 30 17 30 0
2020 06 08 13 30 17 30 0
2020 06 15 13 30 17 30 0
1
19127553
Le Tran Thanh Thien
19CLC3
0
0
0
0
2020 04 06 13 30 17 30 0
2020 04 13 13 30 17 30 0
2020 04 20 13 30 17 30 0
2020 04 27 13 30 17 30 0
2020 05 04 13 30 17 30 0
2020 05 11 13 30 17 30 0
2020 05 18 13 30 17 30 0
2020 05 25 13 30 17 30 0
2020 06 01 13 30 17 30 0
2020 06 08 13 30 17 30 0
2020 06 15 13 30 17 30 0
1
19127585
Pham Quoc Toan
19CLC3
0
0
0
0
2020 04 06 13 30 17 30 0
2020 04 13 13 30 17 30 0
2020 04 20 13 30 17 30 0
2020 04 27 13 30 17 30 0
2020 05 04 13 30 17 30 0
2020 05 11 13 30 17 30 0
2020 05 18 13 30 17 30 0
2020 05 25 13 30 17 30 0
2020 06 01 13 30 17 30 0
2020 06 08 13 30 17 30 0
2020 06 15 13 30 17 30 0
1
19127595
Nguyen Minh Tri
19CLC3
0
0
0
0
2020 04 06 13 30 17 30 0
2020 04 13 13 30 17 30 0
2020 04 20 13 30 17 30 0
2020 04 27 13 30 17 30 0
2020 05 04 13 30 17 30 0
2020 05 11 13 30 17 30 0
2020 05 18 13 30 17 30 0
2020 05 25 13 30 17 30 0
2020 06 01 13 30 17 30 0
2020 06 08 13 30 17 30 0
2020 06 15 13 30 17 30 0
1
19127603
Do Tien Trung
19CLC3
0
0
0
0
2020 04 06 13 30 17 30 0
2020 04 13 13 30 17 30 0
2020 04 20 13 30 17 30 0
2020 04 27 13 30 17 30 0
2020 05 04 13 30 17 30 0
2020 05 11 13 30 17 30 0
2020 05 18 13 30 17 30 0
2020 05 25 13 30 17 30 0
2020 06 01 13 30 17 30 0
2020 06 08 13 30 17 30 0
2020 06 15 13 30 17 30 0
1
19127608
Nguyen Quang Truong
19CLC3
0
0
0
0
2020 04 06 13 30 17 30 0
2020 04 13 13 30 17 30 0
2020 04 20 13 30 17 30 0
2020 04 27 13 30 17 30 0
2020 05 04 13 30 17 30 0
2020 05 11 13 30 17 30 0
2020 05 18 13 30 17 30 0
2020 05 25 13 30 17 30 0
2020 06 01 13 30 17 30 0
2020 06 08 13 30 17 30 0
2020 06 15 13 30 17 30 0
1
19127610
Nguyen Tran Ngoc Tu
19CLC3
0
0
0
0
2020 04 06 13 30 17 30 0
2020 04 13 13 30 17 30 0
2020 04 20 13 30 17 30 0
2020 04 27 13 30 17 30 0
2020 05 04 13 30 17 30 0
2020 05 11 13 30 17 30 0
2020 05 18 13 30 17 30 0
2020 05 25 13 30 17 30 0
2020 06 01 13 30 17 30 0
2020 06 08 13 30 17 30 0
2020 06 15 13 30 17 30 0
1
19127612
Tran Anh Tu
19CLC3
0
0
0
0
2020 04 06 13 30 17 30 0
2020 04 13 13 30 17 30 0
2020 04 20 13 30 17 30 0
2020 04 27 13 30 17 30 0
2020 05 04 13 30 17 30 0
2020 05 11 13 30 17 30 0
2020 05 18 13 30 17 30 0
2020 05 25 13 30 17 30 0
2020 06 01 13 30 17 30 0
2020 06 08 13 30 17 30 0
2020 06 15 13 30 17 30 0
1
19127615
Nguyen Anh Tuan
19CLC3
0
0
0
0
2020 04 06 13 30 17 30 0
2020 04 13 13 30 17 30 0
2020 04 20 13 30 17 30 0
2020 04 27 13 30 17 30 0
2020 05 04 13 30 17 30 0
2020 05 11 13 30 17 30 0
2020 05 18 13 30 17 30 0
2020 05 25 13 30 17 30 0
2020 06 01 13 30 17 30 0
2020 06 08 13 30 17 30 0
2020 06 15 13 30 17 30 0
1
19127624
Do Dinh Van
19CLC3
0
0
0
0
2020 04 06 13 30 17 30 0
2020 04 13 13 30 17 30 0
2020 04 20 13 30 17 30 0
2020 04 27 13 30 17 30 0
2020 05 04 13 30 17 30 0
2020 05 11 13 30 17 30 0
2020 05 18 13 30 17 30 0
2020 05 25 13 30 17 30 0
2020 06 01 13 30 17 30 0
2020 06 08 13 30 17 30 0
2020 06 15 13 30 17 30 0
1
19127635
Ho Nguyen Le Vy
19CLC3
0
0
0
0
2020 04 06 13 30 17 30 0
2020 04 13 13 30 17 30 0
2020 04 20 13 30 17 30 0
2020 04 27 13 30 17 30 0
2020 05 04 13 30 17 30 0
2020 05 11 13 30 17 30 0
2020 05 18 13 30 17 30 0
2020 05 25 13 30 17 30 0
2020 06 01 13 30 17 30 0
2020 06 08 13 30 17 30 0
2020 06 15 13 30 17 30 0
1
