43
11
19127014
Dam Hai Dang
19CLC2
0
0
0
0
2020 04 06 13 30 17 30 0
2020 04 13 13 30 17 30 0
2020 04 20 13 30 17 30 0
2020 04 27 13 30 17 30 0
2020 05 04 13 30 17 30 0
2020 05 11 13 30 17 30 0
2020 05 18 13 30 17 30 0
2020 05 25 13 30 17 30 0
2020 06 01 13 30 17 30 0
2020 06 08 13 30 17 30 0
2020 06 15 13 30 17 30 0
1
19127121
Hoang Minh Duc
19CLC2
0
0
0
0
2020 04 06 13 30 17 30 0
2020 04 13 13 30 17 30 0
2020 04 20 13 30 17 30 0
2020 04 27 13 30 17 30 0
2020 05 04 13 30 17 30 0
2020 05 11 13 30 17 30 0
2020 05 18 13 30 17 30 0
2020 05 25 13 30 17 30 0
2020 06 01 13 30 17 30 0
2020 06 08 13 30 17 30 0
2020 06 15 13 30 17 30 0
1
19127141
Phan Minh Hieu
19CLC2
0
0
0
0
2020 04 06 13 30 17 30 0
2020 04 13 13 30 17 30 0
2020 04 20 13 30 17 30 0
2020 04 27 13 30 17 30 0
2020 05 04 13 30 17 30 0
2020 05 11 13 30 17 30 0
2020 05 18 13 30 17 30 0
2020 05 25 13 30 17 30 0
2020 06 01 13 30 17 30 0
2020 06 08 13 30 17 30 0
2020 06 15 13 30 17 30 0
1
19127150
Nguyen Hua Hung
19CLC2
0
0
0
0
2020 04 06 13 30 17 30 0
2020 04 13 13 30 17 30 0
2020 04 20 13 30 17 30 0
2020 04 27 13 30 17 30 0
2020 05 04 13 30 17 30 0
2020 05 11 13 30 17 30 0
2020 05 18 13 30 17 30 0
2020 05 25 13 30 17 30 0
2020 06 01 13 30 17 30 0
2020 06 08 13 30 17 30 0
2020 06 15 13 30 17 30 0
1
19127157
Le Minh Huy
19CLC2
0
0
0
0
2020 04 06 13 30 17 30 0
2020 04 13 13 30 17 30 0
2020 04 20 13 30 17 30 0
2020 04 27 13 30 17 30 0
2020 05 04 13 30 17 30 0
2020 05 11 13 30 17 30 0
2020 05 18 13 30 17 30 0
2020 05 25 13 30 17 30 0
2020 06 01 13 30 17 30 0
2020 06 08 13 30 17 30 0
2020 06 15 13 30 17 30 0
1
19127181
Bach Minh Khoi
19CLC2
0
0
0
0
2020 04 06 13 30 17 30 0
2020 04 13 13 30 17 30 0
2020 04 20 13 30 17 30 0
2020 04 27 13 30 17 30 0
2020 05 04 13 30 17 30 0
2020 05 11 13 30 17 30 0
2020 05 18 13 30 17 30 0
2020 05 25 13 30 17 30 0
2020 06 01 13 30 17 30 0
2020 06 08 13 30 17 30 0
2020 06 15 13 30 17 30 0
1
19127203
Nguyen Cao Thien Long
19CLC2
0
0
0
0
2020 04 06 13 30 17 30 0
2020 04 13 13 30 17 30 0
2020 04 20 13 30 17 30 0
2020 04 27 13 30 17 30 0
2020 05 04 13 30 17 30 0
2020 05 11 13 30 17 30 0
2020 05 18 13 30 17 30 0
2020 05 25 13 30 17 30 0
2020 06 01 13 30 17 30 0
2020 06 08 13 30 17 30 0
2020 06 15 13 30 17 30 0
1
19127325
Nguyen Huu Hoang An
19CLC2
0
0
0
0
2020 04 06 13 30 17 30 0
2020 04 13 13 30 17 30 0
2020 04 20 13 30 17 30 0
2020 04 27 13 30 17 30 0
2020 05 04 13 30 17 30 0
2020 05 11 13 30 17 30 0
2020 05 18 13 30 17 30 0
2020 05 25 13 30 17 30 0
2020 06 01 13 30 17 30 0
2020 06 08 13 30 17 30 0
2020 06 15 13 30 17 30 0
1
19127329
Le Hoang Anh
19CLC2
0
0
0
0
2020 04 06 13 30 17 30 0
2020 04 13 13 30 17 30 0
2020 04 20 13 30 17 30 0
2020 04 27 13 30 17 30 0
2020 05 04 13 30 17 30 0
2020 05 11 13 30 17 30 0
2020 05 18 13 30 17 30 0
2020 05 25 13 30 17 30 0
2020 06 01 13 30 17 30 0
2020 06 08 13 30 17 30 0
2020 06 15 13 30 17 30 0
1
19127340
Tran Le Quoc Bao
19CLC2
0
0
0
0
2020 04 06 13 30 17 30 0
2020 04 13 13 30 17 30 0
2020 04 20 13 30 17 30 0
2020 04 27 13 30 17 30 0
2020 05 04 13 30 17 30 0
2020 05 11 13 30 17 30 0
2020 05 18 13 30 17 30 0
2020 05 25 13 30 17 30 0
2020 06 01 13 30 17 30 0
2020 06 08 13 30 17 30 0
2020 06 15 13 30 17 30 0
1
19127345
Lam Quoc Cuong
19CLC2
0
0
0
0
2020 04 06 13 30 17 30 0
2020 04 13 13 30 17 30 0
2020 04 20 13 30 17 30 0
2020 04 27 13 30 17 30 0
2020 05 04 13 30 17 30 0
2020 05 11 13 30 17 30 0
2020 05 18 13 30 17 30 0
2020 05 25 13 30 17 30 0
2020 06 01 13 30 17 30 0
2020 06 08 13 30 17 30 0
2020 06 15 13 30 17 30 0
1
19127346
Nguyen Nhat Cuong
19CLC2
0
0
0
0
2020 04 06 13 30 17 30 0
2020 04 13 13 30 17 30 0
2020 04 20 13 30 17 30 0
2020 04 27 13 30 17 30 0
2020 05 04 13 30 17 30 0
2020 05 11 13 30 17 30 0
2020 05 18 13 30 17 30 0
2020 05 25 13 30 17 30 0
2020 06 01 13 30 17 30 0
2020 06 08 13 30 17 30 0
2020 06 15 13 30 17 30 0
1
19127354
Le Thanh Dat
19CLC2
0
0
0
0
2020 04 06 13 30 17 30 0
2020 04 13 13 30 17 30 0
2020 04 20 13 30 17 30 0
2020 04 27 13 30 17 30 0
2020 05 04 13 30 17 30 0
2020 05 11 13 30 17 30 0
2020 05 18 13 30 17 30 0
2020 05 25 13 30 17 30 0
2020 06 01 13 30 17 30 0
2020 06 08 13 30 17 30 0
2020 06 15 13 30 17 30 0
1
19127377
Nguyen Huynh Khanh Duy
19CLC2
0
0
0
0
2020 04 06 13 30 17 30 0
2020 04 13 13 30 17 30 0
2020 04 20 13 30 17 30 0
2020 04 27 13 30 17 30 0
2020 05 04 13 30 17 30 0
2020 05 11 13 30 17 30 0
2020 05 18 13 30 17 30 0
2020 05 25 13 30 17 30 0
2020 06 01 13 30 17 30 0
2020 06 08 13 30 17 30 0
2020 06 15 13 30 17 30 0
1
19127379
Pham Duc Duy
19CLC2
0
0
0
0
2020 04 06 13 30 17 30 0
2020 04 13 13 30 17 30 0
2020 04 20 13 30 17 30 0
2020 04 27 13 30 17 30 0
2020 05 04 13 30 17 30 0
2020 05 11 13 30 17 30 0
2020 05 18 13 30 17 30 0
2020 05 25 13 30 17 30 0
2020 06 01 13 30 17 30 0
2020 06 08 13 30 17 30 0
2020 06 15 13 30 17 30 0
1
19127382
Dinh Hai Giang
19CLC2
0
0
0
0
2020 04 06 13 30 17 30 0
2020 04 13 13 30 17 30 0
2020 04 20 13 30 17 30 0
2020 04 27 13 30 17 30 0
2020 05 04 13 30 17 30 0
2020 05 11 13 30 17 30 0
2020 05 18 13 30 17 30 0
2020 05 25 13 30 17 30 0
2020 06 01 13 30 17 30 0
2020 06 08 13 30 17 30 0
2020 06 15 13 30 17 30 0
1
19127391
To Vu Thai Hao
19CLC2
0
0
0
0
2020 04 06 13 30 17 30 0
2020 04 13 13 30 17 30 0
2020 04 20 13 30 17 30 0
2020 04 27 13 30 17 30 0
2020 05 04 13 30 17 30 0
2020 05 11 13 30 17 30 0
2020 05 18 13 30 17 30 0
2020 05 25 13 30 17 30 0
2020 06 01 13 30 17 30 0
2020 06 08 13 30 17 30 0
2020 06 15 13 30 17 30 0
1
19127394
Nguyen Huu Hien
19CLC2
0
0
0
0
2020 04 06 13 30 17 30 0
2020 04 13 13 30 17 30 0
2020 04 20 13 30 17 30 0
2020 04 27 13 30 17 30 0
2020 05 04 13 30 17 30 0
2020 05 11 13 30 17 30 0
2020 05 18 13 30 17 30 0
2020 05 25 13 30 17 30 0
2020 06 01 13 30 17 30 0
2020 06 08 13 30 17 30 0
2020 06 15 13 30 17 30 0
1
19127405
Tran Minh Hieu
19CLC2
0
0
0
0
2020 04 06 13 30 17 30 0
2020 04 13 13 30 17 30 0
2020 04 20 13 30 17 30 0
2020 04 27 13 30 17 30 0
2020 05 04 13 30 17 30 0
2020 05 11 13 30 17 30 0
2020 05 18 13 30 17 30 0
2020 05 25 13 30 17 30 0
2020 06 01 13 30 17 30 0
2020 06 08 13 30 17 30 0
2020 06 15 13 30 17 30 0
1
19127407
Nguyen Huy Hoang
19CLC2
0
0
0
0
2020 04 06 13 30 17 30 0
2020 04 13 13 30 17 30 0
2020 04 20 13 30 17 30 0
2020 04 27 13 30 17 30 0
2020 05 04 13 30 17 30 0
2020 05 11 13 30 17 30 0
2020 05 18 13 30 17 30 0
2020 05 25 13 30 17 30 0
2020 06 01 13 30 17 30 0
2020 06 08 13 30 17 30 0
2020 06 15 13 30 17 30 0
1
19127431
Dang Duy Khang
19CLC2
0
0
0
0
2020 04 06 13 30 17 30 0
2020 04 13 13 30 17 30 0
2020 04 20 13 30 17 30 0
2020 04 27 13 30 17 30 0
2020 05 04 13 30 17 30 0
2020 05 11 13 30 17 30 0
2020 05 18 13 30 17 30 0
2020 05 25 13 30 17 30 0
2020 06 01 13 30 17 30 0
2020 06 08 13 30 17 30 0
2020 06 15 13 30 17 30 0
1
19127433
Hong Kien Khang
19CLC2
0
0
0
0
2020 04 06 13 30 17 30 0
2020 04 13 13 30 17 30 0
2020 04 20 13 30 17 30 0
2020 04 27 13 30 17 30 0
2020 05 04 13 30 17 30 0
2020 05 11 13 30 17 30 0
2020 05 18 13 30 17 30 0
2020 05 25 13 30 17 30 0
2020 06 01 13 30 17 30 0
2020 06 08 13 30 17 30 0
2020 06 15 13 30 17 30 0
1
19127434
Huynh Nhat Khang
19CLC2
0
0
0
0
2020 04 06 13 30 17 30 0
2020 04 13 13 30 17 30 0
2020 04 20 13 30 17 30 0
2020 04 27 13 30 17 30 0
2020 05 04 13 30 17 30 0
2020 05 11 13 30 17 30 0
2020 05 18 13 30 17 30 0
2020 05 25 13 30 17 30 0
2020 06 01 13 30 17 30 0
2020 06 08 13 30 17 30 0
2020 06 15 13 30 17 30 0
1
19127435
Nguyen Tran Gia Khang
19CLC2
0
0
0
0
2020 04 06 13 30 17 30 0
2020 04 13 13 30 17 30 0
2020 04 20 13 30 17 30 0
2020 04 27 13 30 17 30 0
2020 05 04 13 30 17 30 0
2020 05 11 13 30 17 30 0
2020 05 18 13 30 17 30 0
2020 05 25 13 30 17 30 0
2020 06 01 13 30 17 30 0
2020 06 08 13 30 17 30 0
2020 06 15 13 30 17 30 0
1
19127436
Tang Tuong Khang
19CLC2
0
0
0
0
2020 04 06 13 30 17 30 0
2020 04 13 13 30 17 30 0
2020 04 20 13 30 17 30 0
2020 04 27 13 30 17 30 0
2020 05 04 13 30 17 30 0
2020 05 11 13 30 17 30 0
2020 05 18 13 30 17 30 0
2020 05 25 13 30 17 30 0
2020 06 01 13 30 17 30 0
2020 06 08 13 30 17 30 0
2020 06 15 13 30 17 30 0
1
19127443
Ho Dang Khoa
19CLC2
0
0
0
0
2020 04 06 13 30 17 30 0
2020 04 13 13 30 17 30 0
2020 04 20 13 30 17 30 0
2020 04 27 13 30 17 30 0
2020 05 04 13 30 17 30 0
2020 05 11 13 30 17 30 0
2020 05 18 13 30 17 30 0
2020 05 25 13 30 17 30 0
2020 06 01 13 30 17 30 0
2020 06 08 13 30 17 30 0
2020 06 15 13 30 17 30 0
1
19127453
Pham Minh Khoi
19CLC2
0
0
0
0
2020 04 06 13 30 17 30 0
2020 04 13 13 30 17 30 0
2020 04 20 13 30 17 30 0
2020 04 27 13 30 17 30 0
2020 05 04 13 30 17 30 0
2020 05 11 13 30 17 30 0
2020 05 18 13 30 17 30 0
2020 05 25 13 30 17 30 0
2020 06 01 13 30 17 30 0
2020 06 08 13 30 17 30 0
2020 06 15 13 30 17 30 0
1
19127455
Nguyen Vu Duy Khuong
19CLC2
0
0
0
0
2020 04 06 13 30 17 30 0
2020 04 13 13 30 17 30 0
2020 04 20 13 30 17 30 0
2020 04 27 13 30 17 30 0
2020 05 04 13 30 17 30 0
2020 05 11 13 30 17 30 0
2020 05 18 13 30 17 30 0
2020 05 25 13 30 17 30 0
2020 06 01 13 30 17 30 0
2020 06 08 13 30 17 30 0
2020 06 15 13 30 17 30 0
1
19127466
Dinh Hoa Lu
19CLC2
0
0
0
0
2020 04 06 13 30 17 30 0
2020 04 13 13 30 17 30 0
2020 04 20 13 30 17 30 0
2020 04 27 13 30 17 30 0
2020 05 04 13 30 17 30 0
2020 05 11 13 30 17 30 0
2020 05 18 13 30 17 30 0
2020 05 25 13 30 17 30 0
2020 06 01 13 30 17 30 0
2020 06 08 13 30 17 30 0
2020 06 15 13 30 17 30 0
1
19127469
Doan Nhat Minh
19CLC2
0
0
0
0
2020 04 06 13 30 17 30 0
2020 04 13 13 30 17 30 0
2020 04 20 13 30 17 30 0
2020 04 27 13 30 17 30 0
2020 05 04 13 30 17 30 0
2020 05 11 13 30 17 30 0
2020 05 18 13 30 17 30 0
2020 05 25 13 30 17 30 0
2020 06 01 13 30 17 30 0
2020 06 08 13 30 17 30 0
2020 06 15 13 30 17 30 0
1
19127470
Le Nhat Minh
19CLC2
0
0
0
0
2020 04 06 13 30 17 30 0
2020 04 13 13 30 17 30 0
2020 04 20 13 30 17 30 0
2020 04 27 13 30 17 30 0
2020 05 04 13 30 17 30 0
2020 05 11 13 30 17 30 0
2020 05 18 13 30 17 30 0
2020 05 25 13 30 17 30 0
2020 06 01 13 30 17 30 0
2020 06 08 13 30 17 30 0
2020 06 15 13 30 17 30 0
1
19127513
Nguyen Dinh Hong Phuc
19CLC2
0
0
0
0
2020 04 06 13 30 17 30 0
2020 04 13 13 30 17 30 0
2020 04 20 13 30 17 30 0
2020 04 27 13 30 17 30 0
2020 05 04 13 30 17 30 0
2020 05 11 13 30 17 30 0
2020 05 18 13 30 17 30 0
2020 05 25 13 30 17 30 0
2020 06 01 13 30 17 30 0
2020 06 08 13 30 17 30 0
2020 06 15 13 30 17 30 0
1
19127515
Vo Dinh Phuc
19CLC2
0
0
0
0
2020 04 06 13 30 17 30 0
2020 04 13 13 30 17 30 0
2020 04 20 13 30 17 30 0
2020 04 27 13 30 17 30 0
2020 05 04 13 30 17 30 0
2020 05 11 13 30 17 30 0
2020 05 18 13 30 17 30 0
2020 05 25 13 30 17 30 0
2020 06 01 13 30 17 30 0
2020 06 08 13 30 17 30 0
2020 06 15 13 30 17 30 0
1
19127517
Ho Thien Phuoc
19CLC2
0
0
0
0
2020 04 06 13 30 17 30 0
2020 04 13 13 30 17 30 0
2020 04 20 13 30 17 30 0
2020 04 27 13 30 17 30 0
2020 05 04 13 30 17 30 0
2020 05 11 13 30 17 30 0
2020 05 18 13 30 17 30 0
2020 05 25 13 30 17 30 0
2020 06 01 13 30 17 30 0
2020 06 08 13 30 17 30 0
2020 06 15 13 30 17 30 0
1
19127549
Tong Tat Thanh
19CLC2
0
0
0
0
2020 04 06 13 30 17 30 0
2020 04 13 13 30 17 30 0
2020 04 20 13 30 17 30 0
2020 04 27 13 30 17 30 0
2020 05 04 13 30 17 30 0
2020 05 11 13 30 17 30 0
2020 05 18 13 30 17 30 0
2020 05 25 13 30 17 30 0
2020 06 01 13 30 17 30 0
2020 06 08 13 30 17 30 0
2020 06 15 13 30 17 30 0
1
19127560
Nguyen Duc Thinh
19CLC2
0
0
0
0
2020 04 06 13 30 17 30 0
2020 04 13 13 30 17 30 0
2020 04 20 13 30 17 30 0
2020 04 27 13 30 17 30 0
2020 05 04 13 30 17 30 0
2020 05 11 13 30 17 30 0
2020 05 18 13 30 17 30 0
2020 05 25 13 30 17 30 0
2020 06 01 13 30 17 30 0
2020 06 08 13 30 17 30 0
2020 06 15 13 30 17 30 0
1
19127567
Vo Tran Quang Thong
19CLC2
0
0
0
0
2020 04 06 13 30 17 30 0
2020 04 13 13 30 17 30 0
2020 04 20 13 30 17 30 0
2020 04 27 13 30 17 30 0
2020 05 04 13 30 17 30 0
2020 05 11 13 30 17 30 0
2020 05 18 13 30 17 30 0
2020 05 25 13 30 17 30 0
2020 06 01 13 30 17 30 0
2020 06 08 13 30 17 30 0
2020 06 15 13 30 17 30 0
1
19127571
Nguyen Quang Thuan
19CLC2
0
0
0
0
2020 04 06 13 30 17 30 0
2020 04 13 13 30 17 30 0
2020 04 20 13 30 17 30 0
2020 04 27 13 30 17 30 0
2020 05 04 13 30 17 30 0
2020 05 11 13 30 17 30 0
2020 05 18 13 30 17 30 0
2020 05 25 13 30 17 30 0
2020 06 01 13 30 17 30 0
2020 06 08 13 30 17 30 0
2020 06 15 13 30 17 30 0
1
19127573
Tran Dinh Tien
19CLC2
0
0
0
0
2020 04 06 13 30 17 30 0
2020 04 13 13 30 17 30 0
2020 04 20 13 30 17 30 0
2020 04 27 13 30 17 30 0
2020 05 04 13 30 17 30 0
2020 05 11 13 30 17 30 0
2020 05 18 13 30 17 30 0
2020 05 25 13 30 17 30 0
2020 06 01 13 30 17 30 0
2020 06 08 13 30 17 30 0
2020 06 15 13 30 17 30 0
1
19127575
Nguyen Thai Tien
19CLC2
0
0
0
0
2020 04 06 13 30 17 30 0
2020 04 13 13 30 17 30 0
2020 04 20 13 30 17 30 0
2020 04 27 13 30 17 30 0
2020 05 04 13 30 17 30 0
2020 05 11 13 30 17 30 0
2020 05 18 13 30 17 30 0
2020 05 25 13 30 17 30 0
2020 06 01 13 30 17 30 0
2020 06 08 13 30 17 30 0
2020 06 15 13 30 17 30 0
1
19127590
Truong Ngoc Minh Tram
19CLC2
0
0
0
0
2020 04 06 13 30 17 30 0
2020 04 13 13 30 17 30 0
2020 04 20 13 30 17 30 0
2020 04 27 13 30 17 30 0
2020 05 04 13 30 17 30 0
2020 05 11 13 30 17 30 0
2020 05 18 13 30 17 30 0
2020 05 25 13 30 17 30 0
2020 06 01 13 30 17 30 0
2020 06 08 13 30 17 30 0
2020 06 15 13 30 17 30 0
1
19127636
Pham Nguyen Tuong Vy
19CLC2
0
0
0
0
2020 04 06 13 30 17 30 0
2020 04 13 13 30 17 30 0
2020 04 20 13 30 17 30 0
2020 04 27 13 30 17 30 0
2020 05 04 13 30 17 30 0
2020 05 11 13 30 17 30 0
2020 05 18 13 30 17 30 0
2020 05 25 13 30 17 30 0
2020 06 01 13 30 17 30 0
2020 06 08 13 30 17 30 0
2020 06 15 13 30 17 30 0
1
19127638
Truong Buu Y
19CLC2
0
0
0
0
2020 04 06 13 30 17 30 0
2020 04 13 13 30 17 30 0
2020 04 20 13 30 17 30 0
2020 04 27 13 30 17 30 0
2020 05 04 13 30 17 30 0
2020 05 11 13 30 17 30 0
2020 05 18 13 30 17 30 0
2020 05 25 13 30 17 30 0
2020 06 01 13 30 17 30 0
2020 06 08 13 30 17 30 0
2020 06 15 13 30 17 30 0
1
