43
11
19127012
Vu Nguyen Thai Binh
19CLC1
0
0
0
0
2020 03 16 13 30 17 30 0
2020 03 23 13 30 17 30 0
2020 03 30 13 30 17 30 0
2020 04 06 13 30 17 30 0
2020 04 13 13 30 17 30 0
2020 04 20 13 30 17 30 0
2020 04 27 13 30 17 30 0
2020 05 04 13 30 17 30 0
2020 05 11 13 30 17 30 0
2020 05 18 13 30 17 30 0
2020 05 25 13 30 17 30 0
1
19127039
Tran Hoang Kim
19CLC1
0
0
0
0
2020 03 16 13 30 17 30 0
2020 03 23 13 30 17 30 0
2020 03 30 13 30 17 30 0
2020 04 06 13 30 17 30 0
2020 04 13 13 30 17 30 0
2020 04 20 13 30 17 30 0
2020 04 27 13 30 17 30 0
2020 05 04 13 30 17 30 0
2020 05 11 13 30 17 30 0
2020 05 18 13 30 17 30 0
2020 05 25 13 30 17 30 0
1
19127049
Doan Huong Ngan
19CLC1
0
0
0
0
2020 03 16 13 30 17 30 0
2020 03 23 13 30 17 30 0
2020 03 30 13 30 17 30 0
2020 04 06 13 30 17 30 0
2020 04 13 13 30 17 30 0
2020 04 20 13 30 17 30 0
2020 04 27 13 30 17 30 0
2020 05 04 13 30 17 30 0
2020 05 11 13 30 17 30 0
2020 05 18 13 30 17 30 0
2020 05 25 13 30 17 30 0
1
19127118
Ta Cong Dien
19CLC1
0
0
0
0
2020 03 16 13 30 17 30 0
2020 03 23 13 30 17 30 0
2020 03 30 13 30 17 30 0
2020 04 06 13 30 17 30 0
2020 04 13 13 30 17 30 0
2020 04 20 13 30 17 30 0
2020 04 27 13 30 17 30 0
2020 05 04 13 30 17 30 0
2020 05 11 13 30 17 30 0
2020 05 18 13 30 17 30 0
2020 05 25 13 30 17 30 0
1
19127186
Le Thanh Khoi
19CLC1
0
0
0
0
2020 03 16 13 30 17 30 0
2020 03 23 13 30 17 30 0
2020 03 30 13 30 17 30 0
2020 04 06 13 30 17 30 0
2020 04 13 13 30 17 30 0
2020 04 20 13 30 17 30 0
2020 04 27 13 30 17 30 0
2020 05 04 13 30 17 30 0
2020 05 11 13 30 17 30 0
2020 05 18 13 30 17 30 0
2020 05 25 13 30 17 30 0
1
19127206
Trinh Quoc Huy Long
19CLC1
0
0
0
0
2020 03 16 13 30 17 30 0
2020 03 23 13 30 17 30 0
2020 03 30 13 30 17 30 0
2020 04 06 13 30 17 30 0
2020 04 13 13 30 17 30 0
2020 04 20 13 30 17 30 0
2020 04 27 13 30 17 30 0
2020 05 04 13 30 17 30 0
2020 05 11 13 30 17 30 0
2020 05 18 13 30 17 30 0
2020 05 25 13 30 17 30 0
1
19127226
Hoang Van Nguyen
19CLC1
0
0
0
0
2020 03 16 13 30 17 30 0
2020 03 23 13 30 17 30 0
2020 03 30 13 30 17 30 0
2020 04 06 13 30 17 30 0
2020 04 13 13 30 17 30 0
2020 04 20 13 30 17 30 0
2020 04 27 13 30 17 30 0
2020 05 04 13 30 17 30 0
2020 05 11 13 30 17 30 0
2020 05 18 13 30 17 30 0
2020 05 25 13 30 17 30 0
1
19127251
Tran Anh Quan
19CLC1
0
0
0
0
2020 03 16 13 30 17 30 0
2020 03 23 13 30 17 30 0
2020 03 30 13 30 17 30 0
2020 04 06 13 30 17 30 0
2020 04 13 13 30 17 30 0
2020 04 20 13 30 17 30 0
2020 04 27 13 30 17 30 0
2020 05 04 13 30 17 30 0
2020 05 11 13 30 17 30 0
2020 05 18 13 30 17 30 0
2020 05 25 13 30 17 30 0
1
19127263
Nguyen Hoang Son
19CLC1
0
0
0
0
2020 03 16 13 30 17 30 0
2020 03 23 13 30 17 30 0
2020 03 30 13 30 17 30 0
2020 04 06 13 30 17 30 0
2020 04 13 13 30 17 30 0
2020 04 20 13 30 17 30 0
2020 04 27 13 30 17 30 0
2020 05 04 13 30 17 30 0
2020 05 11 13 30 17 30 0
2020 05 18 13 30 17 30 0
2020 05 25 13 30 17 30 0
1
19127273
Huynh Thi My Thanh
19CLC1
0
0
0
0
2020 03 16 13 30 17 30 0
2020 03 23 13 30 17 30 0
2020 03 30 13 30 17 30 0
2020 04 06 13 30 17 30 0
2020 04 13 13 30 17 30 0
2020 04 20 13 30 17 30 0
2020 04 27 13 30 17 30 0
2020 05 04 13 30 17 30 0
2020 05 11 13 30 17 30 0
2020 05 18 13 30 17 30 0
2020 05 25 13 30 17 30 0
1
19127305
Nguyen Quoc Trung
19CLC1
0
0
0
0
2020 03 16 13 30 17 30 0
2020 03 23 13 30 17 30 0
2020 03 30 13 30 17 30 0
2020 04 06 13 30 17 30 0
2020 04 13 13 30 17 30 0
2020 04 20 13 30 17 30 0
2020 04 27 13 30 17 30 0
2020 05 04 13 30 17 30 0
2020 05 11 13 30 17 30 0
2020 05 18 13 30 17 30 0
2020 05 25 13 30 17 30 0
1
19127312
Ngo Nguyen Kiet Tuong
19CLC1
0
0
0
0
2020 03 16 13 30 17 30 0
2020 03 23 13 30 17 30 0
2020 03 30 13 30 17 30 0
2020 04 06 13 30 17 30 0
2020 04 13 13 30 17 30 0
2020 04 20 13 30 17 30 0
2020 04 27 13 30 17 30 0
2020 05 04 13 30 17 30 0
2020 05 11 13 30 17 30 0
2020 05 18 13 30 17 30 0
2020 05 25 13 30 17 30 0
1
19127322
Nguyen Trung Tin
19CLC1
0
0
0
0
2020 03 16 13 30 17 30 0
2020 03 23 13 30 17 30 0
2020 03 30 13 30 17 30 0
2020 04 06 13 30 17 30 0
2020 04 13 13 30 17 30 0
2020 04 20 13 30 17 30 0
2020 04 27 13 30 17 30 0
2020 05 04 13 30 17 30 0
2020 05 11 13 30 17 30 0
2020 05 18 13 30 17 30 0
2020 05 25 13 30 17 30 0
1
19127324
Dao Duy An
19CLC1
0
0
0
0
2020 03 16 13 30 17 30 0
2020 03 23 13 30 17 30 0
2020 03 30 13 30 17 30 0
2020 04 06 13 30 17 30 0
2020 04 13 13 30 17 30 0
2020 04 20 13 30 17 30 0
2020 04 27 13 30 17 30 0
2020 05 04 13 30 17 30 0
2020 05 11 13 30 17 30 0
2020 05 18 13 30 17 30 0
2020 05 25 13 30 17 30 0
1
19127327
Le Hoang Thien An
19CLC1
0
0
0
0
2020 03 16 13 30 17 30 0
2020 03 23 13 30 17 30 0
2020 03 30 13 30 17 30 0
2020 04 06 13 30 17 30 0
2020 04 13 13 30 17 30 0
2020 04 20 13 30 17 30 0
2020 04 27 13 30 17 30 0
2020 05 04 13 30 17 30 0
2020 05 11 13 30 17 30 0
2020 05 18 13 30 17 30 0
2020 05 25 13 30 17 30 0
1
19127348
Bui Cong Danh
19CLC1
0
0
0
0
2020 03 16 13 30 17 30 0
2020 03 23 13 30 17 30 0
2020 03 30 13 30 17 30 0
2020 04 06 13 30 17 30 0
2020 04 13 13 30 17 30 0
2020 04 20 13 30 17 30 0
2020 04 27 13 30 17 30 0
2020 05 04 13 30 17 30 0
2020 05 11 13 30 17 30 0
2020 05 18 13 30 17 30 0
2020 05 25 13 30 17 30 0
1
19127353
Le Tan Dat
19CLC1
0
0
0
0
2020 03 16 13 30 17 30 0
2020 03 23 13 30 17 30 0
2020 03 30 13 30 17 30 0
2020 04 06 13 30 17 30 0
2020 04 13 13 30 17 30 0
2020 04 20 13 30 17 30 0
2020 04 27 13 30 17 30 0
2020 05 04 13 30 17 30 0
2020 05 11 13 30 17 30 0
2020 05 18 13 30 17 30 0
2020 05 25 13 30 17 30 0
1
19127355
Nguyen Duc Dat
19CLC1
0
0
0
0
2020 03 16 13 30 17 30 0
2020 03 23 13 30 17 30 0
2020 03 30 13 30 17 30 0
2020 04 06 13 30 17 30 0
2020 04 13 13 30 17 30 0
2020 04 20 13 30 17 30 0
2020 04 27 13 30 17 30 0
2020 05 04 13 30 17 30 0
2020 05 11 13 30 17 30 0
2020 05 18 13 30 17 30 0
2020 05 25 13 30 17 30 0
1
19127403
Nguyen Trung Hieu
19CLC1
0
0
0
0
2020 03 16 13 30 17 30 0
2020 03 23 13 30 17 30 0
2020 03 30 13 30 17 30 0
2020 04 06 13 30 17 30 0
2020 04 13 13 30 17 30 0
2020 04 20 13 30 17 30 0
2020 04 27 13 30 17 30 0
2020 05 04 13 30 17 30 0
2020 05 11 13 30 17 30 0
2020 05 18 13 30 17 30 0
2020 05 25 13 30 17 30 0
1
19127409
Phan Huy Hoang
19CLC1
0
0
0
0
2020 03 16 13 30 17 30 0
2020 03 23 13 30 17 30 0
2020 03 30 13 30 17 30 0
2020 04 06 13 30 17 30 0
2020 04 13 13 30 17 30 0
2020 04 20 13 30 17 30 0
2020 04 27 13 30 17 30 0
2020 05 04 13 30 17 30 0
2020 05 11 13 30 17 30 0
2020 05 18 13 30 17 30 0
2020 05 25 13 30 17 30 0
1
19127421
Le Vu Huy
19CLC1
0
0
0
0
2020 03 16 13 30 17 30 0
2020 03 23 13 30 17 30 0
2020 03 30 13 30 17 30 0
2020 04 06 13 30 17 30 0
2020 04 13 13 30 17 30 0
2020 04 20 13 30 17 30 0
2020 04 27 13 30 17 30 0
2020 05 04 13 30 17 30 0
2020 05 11 13 30 17 30 0
2020 05 18 13 30 17 30 0
2020 05 25 13 30 17 30 0
1
19127425
Vo Quang Huy
19CLC1
0
0
0
0
2020 03 16 13 30 17 30 0
2020 03 23 13 30 17 30 0
2020 03 30 13 30 17 30 0
2020 04 06 13 30 17 30 0
2020 04 13 13 30 17 30 0
2020 04 20 13 30 17 30 0
2020 04 27 13 30 17 30 0
2020 05 04 13 30 17 30 0
2020 05 11 13 30 17 30 0
2020 05 18 13 30 17 30 0
2020 05 25 13 30 17 30 0
1
19127428
Nguyen Minh Kha
19CLC1
0
0
0
0
2020 03 16 13 30 17 30 0
2020 03 23 13 30 17 30 0
2020 03 30 13 30 17 30 0
2020 04 06 13 30 17 30 0
2020 04 13 13 30 17 30 0
2020 04 20 13 30 17 30 0
2020 04 27 13 30 17 30 0
2020 05 04 13 30 17 30 0
2020 05 11 13 30 17 30 0
2020 05 18 13 30 17 30 0
2020 05 25 13 30 17 30 0
1
19127439
Nguyen Le Quoc Khanh
19CLC1
0
0
0
0
2020 03 16 13 30 17 30 0
2020 03 23 13 30 17 30 0
2020 03 30 13 30 17 30 0
2020 04 06 13 30 17 30 0
2020 04 13 13 30 17 30 0
2020 04 20 13 30 17 30 0
2020 04 27 13 30 17 30 0
2020 05 04 13 30 17 30 0
2020 05 11 13 30 17 30 0
2020 05 18 13 30 17 30 0
2020 05 25 13 30 17 30 0
1
19127445
Nguyen Ngoc Anh Khoa
19CLC1
0
0
0
0
2020 03 16 13 30 17 30 0
2020 03 23 13 30 17 30 0
2020 03 30 13 30 17 30 0
2020 04 06 13 30 17 30 0
2020 04 13 13 30 17 30 0
2020 04 20 13 30 17 30 0
2020 04 27 13 30 17 30 0
2020 05 04 13 30 17 30 0
2020 05 11 13 30 17 30 0
2020 05 18 13 30 17 30 0
2020 05 25 13 30 17 30 0
1
19127452
Nguyen Dang Khoi
19CLC1
0
0
0
0
2020 03 16 13 30 17 30 0
2020 03 23 13 30 17 30 0
2020 03 30 13 30 17 30 0
2020 04 06 13 30 17 30 0
2020 04 13 13 30 17 30 0
2020 04 20 13 30 17 30 0
2020 04 27 13 30 17 30 0
2020 05 04 13 30 17 30 0
2020 05 11 13 30 17 30 0
2020 05 18 13 30 17 30 0
2020 05 25 13 30 17 30 0
1
19127461
Tran Thi Thuy Linh
19CLC1
0
0
0
0
2020 03 16 13 30 17 30 0
2020 03 23 13 30 17 30 0
2020 03 30 13 30 17 30 0
2020 04 06 13 30 17 30 0
2020 04 13 13 30 17 30 0
2020 04 20 13 30 17 30 0
2020 04 27 13 30 17 30 0
2020 05 04 13 30 17 30 0
2020 05 11 13 30 17 30 0
2020 05 18 13 30 17 30 0
2020 05 25 13 30 17 30 0
1
19127463
Nguyen Hoang Long
19CLC1
0
0
0
0
2020 03 16 13 30 17 30 0
2020 03 23 13 30 17 30 0
2020 03 30 13 30 17 30 0
2020 04 06 13 30 17 30 0
2020 04 13 13 30 17 30 0
2020 04 20 13 30 17 30 0
2020 04 27 13 30 17 30 0
2020 05 04 13 30 17 30 0
2020 05 11 13 30 17 30 0
2020 05 18 13 30 17 30 0
2020 05 25 13 30 17 30 0
1
19127473
Nguyen Tan Minh
19CLC1
0
0
0
0
2020 03 16 13 30 17 30 0
2020 03 23 13 30 17 30 0
2020 03 30 13 30 17 30 0
2020 04 06 13 30 17 30 0
2020 04 13 13 30 17 30 0
2020 04 20 13 30 17 30 0
2020 04 27 13 30 17 30 0
2020 05 04 13 30 17 30 0
2020 05 11 13 30 17 30 0
2020 05 18 13 30 17 30 0
2020 05 25 13 30 17 30 0
1
19127474
Pham Cao Minh
19CLC1
0
0
0
0
2020 03 16 13 30 17 30 0
2020 03 23 13 30 17 30 0
2020 03 30 13 30 17 30 0
2020 04 06 13 30 17 30 0
2020 04 13 13 30 17 30 0
2020 04 20 13 30 17 30 0
2020 04 27 13 30 17 30 0
2020 05 04 13 30 17 30 0
2020 05 11 13 30 17 30 0
2020 05 18 13 30 17 30 0
2020 05 25 13 30 17 30 0
1
19127490
Luu Danh Nhan
19CLC1
0
0
0
0
2020 03 16 13 30 17 30 0
2020 03 23 13 30 17 30 0
2020 03 30 13 30 17 30 0
2020 04 06 13 30 17 30 0
2020 04 13 13 30 17 30 0
2020 04 20 13 30 17 30 0
2020 04 27 13 30 17 30 0
2020 05 04 13 30 17 30 0
2020 05 11 13 30 17 30 0
2020 05 18 13 30 17 30 0
2020 05 25 13 30 17 30 0
1
19127507
Nguyen Quang Phu
19CLC1
0
0
0
0
2020 03 16 13 30 17 30 0
2020 03 23 13 30 17 30 0
2020 03 30 13 30 17 30 0
2020 04 06 13 30 17 30 0
2020 04 13 13 30 17 30 0
2020 04 20 13 30 17 30 0
2020 04 27 13 30 17 30 0
2020 05 04 13 30 17 30 0
2020 05 11 13 30 17 30 0
2020 05 18 13 30 17 30 0
2020 05 25 13 30 17 30 0
1
19127512
Lam Hoang Phuc
19CLC1
0
0
0
0
2020 03 16 13 30 17 30 0
2020 03 23 13 30 17 30 0
2020 03 30 13 30 17 30 0
2020 04 06 13 30 17 30 0
2020 04 13 13 30 17 30 0
2020 04 20 13 30 17 30 0
2020 04 27 13 30 17 30 0
2020 05 04 13 30 17 30 0
2020 05 11 13 30 17 30 0
2020 05 18 13 30 17 30 0
2020 05 25 13 30 17 30 0
1
19127516
Tran Xuan Phuoc
19CLC1
0
0
0
0
2020 03 16 13 30 17 30 0
2020 03 23 13 30 17 30 0
2020 03 30 13 30 17 30 0
2020 04 06 13 30 17 30 0
2020 04 13 13 30 17 30 0
2020 04 20 13 30 17 30 0
2020 04 27 13 30 17 30 0
2020 05 04 13 30 17 30 0
2020 05 11 13 30 17 30 0
2020 05 18 13 30 17 30 0
2020 05 25 13 30 17 30 0
1
19127518
Le Hoang Thinh Phuoc
19CLC1
0
0
0
0
2020 03 16 13 30 17 30 0
2020 03 23 13 30 17 30 0
2020 03 30 13 30 17 30 0
2020 04 06 13 30 17 30 0
2020 04 13 13 30 17 30 0
2020 04 20 13 30 17 30 0
2020 04 27 13 30 17 30 0
2020 05 04 13 30 17 30 0
2020 05 11 13 30 17 30 0
2020 05 18 13 30 17 30 0
2020 05 25 13 30 17 30 0
1
19127541
Nguyen Thai Son
19CLC1
0
0
0
0
2020 03 16 13 30 17 30 0
2020 03 23 13 30 17 30 0
2020 03 30 13 30 17 30 0
2020 04 06 13 30 17 30 0
2020 04 13 13 30 17 30 0
2020 04 20 13 30 17 30 0
2020 04 27 13 30 17 30 0
2020 05 04 13 30 17 30 0
2020 05 11 13 30 17 30 0
2020 05 18 13 30 17 30 0
2020 05 25 13 30 17 30 0
1
19127547
Nguyen Cao Thang
19CLC1
0
0
0
0
2020 03 16 13 30 17 30 0
2020 03 23 13 30 17 30 0
2020 03 30 13 30 17 30 0
2020 04 06 13 30 17 30 0
2020 04 13 13 30 17 30 0
2020 04 20 13 30 17 30 0
2020 04 27 13 30 17 30 0
2020 05 04 13 30 17 30 0
2020 05 11 13 30 17 30 0
2020 05 18 13 30 17 30 0
2020 05 25 13 30 17 30 0
1
19127552
Nguyen Thanh Thao
19CLC1
0
0
0
0
2020 03 16 13 30 17 30 0
2020 03 23 13 30 17 30 0
2020 03 30 13 30 17 30 0
2020 04 06 13 30 17 30 0
2020 04 13 13 30 17 30 0
2020 04 20 13 30 17 30 0
2020 04 27 13 30 17 30 0
2020 05 04 13 30 17 30 0
2020 05 11 13 30 17 30 0
2020 05 18 13 30 17 30 0
2020 05 25 13 30 17 30 0
1
19127555
Hoang Thien
19CLC1
0
0
0
0
2020 03 16 13 30 17 30 0
2020 03 23 13 30 17 30 0
2020 03 30 13 30 17 30 0
2020 04 06 13 30 17 30 0
2020 04 13 13 30 17 30 0
2020 04 20 13 30 17 30 0
2020 04 27 13 30 17 30 0
2020 05 04 13 30 17 30 0
2020 05 11 13 30 17 30 0
2020 05 18 13 30 17 30 0
2020 05 25 13 30 17 30 0
1
19127564
Nguyen Huu Thong
19CLC1
0
0
0
0
2020 03 16 13 30 17 30 0
2020 03 23 13 30 17 30 0
2020 03 30 13 30 17 30 0
2020 04 06 13 30 17 30 0
2020 04 13 13 30 17 30 0
2020 04 20 13 30 17 30 0
2020 04 27 13 30 17 30 0
2020 05 04 13 30 17 30 0
2020 05 11 13 30 17 30 0
2020 05 18 13 30 17 30 0
2020 05 25 13 30 17 30 0
1
19127593
Le Tien Tri
19CLC1
0
0
0
0
2020 03 16 13 30 17 30 0
2020 03 23 13 30 17 30 0
2020 03 30 13 30 17 30 0
2020 04 06 13 30 17 30 0
2020 04 13 13 30 17 30 0
2020 04 20 13 30 17 30 0
2020 04 27 13 30 17 30 0
2020 05 04 13 30 17 30 0
2020 05 11 13 30 17 30 0
2020 05 18 13 30 17 30 0
2020 05 25 13 30 17 30 0
1
19127605
Nguyen Hoang Trung
19CLC1
0
0
0
0
2020 03 16 13 30 17 30 0
2020 03 23 13 30 17 30 0
2020 03 30 13 30 17 30 0
2020 04 06 13 30 17 30 0
2020 04 13 13 30 17 30 0
2020 04 20 13 30 17 30 0
2020 04 27 13 30 17 30 0
2020 05 04 13 30 17 30 0
2020 05 11 13 30 17 30 0
2020 05 18 13 30 17 30 0
2020 05 25 13 30 17 30 0
1
19127634
Nguyen Thanh Vu
19CLC1
0
0
0
0
2020 03 16 13 30 17 30 0
2020 03 23 13 30 17 30 0
2020 03 30 13 30 17 30 0
2020 04 06 13 30 17 30 0
2020 04 13 13 30 17 30 0
2020 04 20 13 30 17 30 0
2020 04 27 13 30 17 30 0
2020 05 04 13 30 17 30 0
2020 05 11 13 30 17 30 0
2020 05 18 13 30 17 30 0
2020 05 25 13 30 17 30 0
1
